9 9
1 2
2 3
3 6
6 5
5 4
4 3
6 7
7 8
1 5

// Exemplo entrada E0312 e E0314
// V E
// v_1 w_1
//  ...
// v_E w_E


7 11 
0 1 0
0 6 0
1 2 0
1 4 0
1 6 0
2 3 0
2 5 0
2 6 0
3 4 0
3 5 0
5 6 0
0

// Exemplo profund.
6 8
0 1 0
0 2 0
1 3 0
1 4 0
2 4 0
3 4 0
3 5 0
4 5 0
0



6 7 
0 1 0
0 4 0
1 2 0
1 4 0
2 3 0
3 4 0
3 5 0
5


//Arvore prof

12 11
0 1 0
0 6 0
0 7 0
1 2 0
1 5 0
2 3 0
2 4 0
7 8 0
7 11 0
8 9 0
8 10 0
1

//Arvore
7 7
0 1 28
0 5 10
1 2 16
1 6 14
3 6 18
4 6 24
4 5 25
4


//Rainha URI
6 5 3
1 2
2 3
2 4
2 5
4 5
1 3
1 5
2 6
4 2 3
1 2
2 3
1 4
1 3
1 2
0 0 0

//familias
9 8
1 2
2 3
3 6
4 3
6 5
7 8
1 4
6 2

8 10
1 2
2 3
3 6
6 5
5 4
4 3
6 7
7 8
8 1
1 5

4 4
1 2
2 3
3 4
4 1

//Promessas campanha
4
3
2
1 3
2 3
4
2
1 2
3 4
3
0
6
5
1 2
1 3
1 4
2 3
3 4

//Grafo Conexo
6 10
2 4 6
0 2 1
1 2 2
4 5 3
2 5 4
2 3 2
3 5 4
0 3 5
1 4 5
0 1 6
1


//Costa
5 5
.....
..#..
.###.
..#..
.....

10 10
..........
.....###..
....#####.
.#...##...
..........
.......##.
.##.......
..##......
..###.....
..#####...